,maid,longitude,latitude,horizontal_accuracy,city_hasc,postcode,Date,Hour,count,Y,Color
0,06f512c297e16e81dd161979ac09545df0afeb34,128.19422,-3.6937,4.0,ID.MA.AM,97121.0,16-06-21,00:00:19,28,1.0,green
1,06f512c297e16e81dd161979ac09545df0afeb34,128.19423,-3.693693,4.0,ID.MA.AM,97121.0,16-06-21,00:00:29,28,1.0,green
2,843e14b5332caea0b609ce57093c8c83dafecadf,128.20523,-3.71333,13.0,ID.MA.AM,97129.0,16-06-21,00:00:30,1462,1.0,green
3,0dbf3541e271760b172006ddf4b99be626ead0a2,128.183903,-3.697362,10.0,ID.MA.AM,97127.0,16-06-21,00:00:35,14,1.0,green
4,843e14b5332caea0b609ce57093c8c83dafecadf,128.20524,-3.71332,8.0,ID.MA.AM,97129.0,16-06-21,00:00:36,1462,0.999,green
5,843e14b5332caea0b609ce57093c8c83dafecadf,128.205245,-3.713319,16.0,ID.MA.AM,97129.0,16-06-21,00:00:40,1462,1.0,green
6,940098734cbe61843e32a6c9adf82dfc8f87c968,128.182223,-3.702269,8.0,ID.MA.AM,97127.0,16-06-21,00:00:41,3,0.999,green
7,843e14b5332caea0b609ce57093c8c83dafecadf,128.20525,-3.713319,13.0,ID.MA.AM,97129.0,16-06-21,00:00:45,1462,1.0,green
8,843e14b5332caea0b609ce57093c8c83dafecadf,128.20525,-3.713319,8.0,ID.MA.AM,97129.0,16-06-21,00:00:46,1462,0.999,green
9,baa0dfbdc60a983d8d04950d779f06c6d64ae191,128.177843,-3.699063,8.0,ID.MA.AM,97111.0,16-06-21,00:01:12,82,1.0,green
10,6c8598f62dbdd937d73417b30a643abcce99e81e,128.2033,-3.68023,3.0,ID.MA.AM,97128.0,16-06-21,00:01:15,120,1.0,green
11,31156368c9966fd40cd7caf0536d3375b6c48b7f,128.220024,-3.621621,15.0,ID.MA.AM,97217.0,16-06-21,00:01:16,154,0.999,green
12,31156368c9966fd40cd7caf0536d3375b6c48b7f,128.220024,-3.621621,11.0,ID.MA.AM,97217.0,16-06-21,00:01:17,154,1.0,green
13,6c8598f62dbdd937d73417b30a643abcce99e81e,128.20333,-3.68024,3.0,ID.MA.AM,97128.0,16-06-21,00:01:20,120,0.999,green
14,843e14b5332caea0b609ce57093c8c83dafecadf,128.205245,-3.713319,12.0,ID.MA.AM,97129.0,16-06-21,00:01:25,1462,0.999,green
15,1a724c5ffdb1413548eeda9c345694466c96fd3b,128.272981,-3.207207,9.0,ID.MA.SB,97564.0,16-06-21,00:01:44,179,1.0,green
16,0564077f344e7439df5710e8682ab5021b14b21d,128.256132,-3.621621,6.0,ID.MA.AM,97214.0,16-06-21,00:01:53,32,0.999,green
17,42e2952a0280336eaed618f9ad4171cbb8d5ad81,128.18643,-3.6875,14.0,ID.MA.AM,97123.0,16-06-21,00:02:01,3252,1.0,green
18,0ed6cba4475d3c353164c4f4f32a6dbc12968d23,128.22675,-3.68421,7.0,ID.MA.AM,97128.0,16-06-21,00:02:06,372,0.999,green
19,46cc6a4402c3b8f8c6fa8294ca328ce6ffb4b5ad,127.971331,-3.387387,20.0,ID.MA.SB,97571.0,16-06-21,00:02:15,196,1.0,green
20,1301deec7553963aa46d4f86c3012f10d428847c,128.158748,-3.665573,14.0,ID.MA.AM,97225.0,16-06-21,00:02:15,2,0.999,green
21,46cc6a4402c3b8f8c6fa8294ca328ce6ffb4b5ad,127.971331,-3.387387,9.0,ID.MA.SB,97571.0,16-06-21,00:02:16,196,1.0,green
22,a797e305a10d9d4d01d951854738284b474bff4c,128.71289,-3.603941,4.0,ID.MA.MT,97546.0,16-06-21,00:02:18,1,0.999,green
23,0dbf3541e271760b172006ddf4b99be626ead0a2,128.183903,-3.697362,9.0,ID.MA.AM,97127.0,16-06-21,00:02:19,14,1.0,green
24,1590eeef18413f5c9ef5ab3b8f120efd64a7b4ee,128.188667,-3.699204,22.0,ID.MA.AM,97125.0,16-06-21,00:02:20,8349,0.999,green
25,1301deec7553963aa46d4f86c3012f10d428847c,128.15873,-3.66557,14.0,ID.MA.AM,97225.0,16-06-21,00:02:20,2,1.0,green
26,baa0dfbdc60a983d8d04950d779f06c6d64ae191,128.17784,-3.69907,2.0,ID.MA.AM,97111.0,16-06-21,00:02:33,82,0.999,green
27,0ed6cba4475d3c353164c4f4f32a6dbc12968d23,128.22675,-3.68421,3.0,ID.MA.AM,97128.0,16-06-21,00:02:34,372,1.0,green
28,843e14b5332caea0b609ce57093c8c83dafecadf,128.20525,-3.713319,13.0,ID.MA.AM,97129.0,16-06-21,00:02:36,1462,1.0,green
29,0dbf3541e271760b172006ddf4b99be626ead0a2,128.1839,-3.69737,6.0,ID.MA.AM,97127.0,16-06-21,00:02:38,14,0.999,green
30,0ed6cba4475d3c353164c4f4f32a6dbc12968d23,128.22676,-3.684203,3.0,ID.MA.AM,97128.0,16-06-21,00:02:43,372,1.0,green
31,baa0dfbdc60a983d8d04950d779f06c6d64ae191,128.177843,-3.699063,2.0,ID.MA.AM,97111.0,16-06-21,00:02:44,82,0.999,green
32,98e5336662d0fdc980ef1640a3eae8d64a75d1e6,128.225153,-3.657657,11.0,ID.MA.AM,97212.0,16-06-21,00:02:45,2,1.0,green
33,843e14b5332caea0b609ce57093c8c83dafecadf,128.20523,-3.71333,13.0,ID.MA.AM,97129.0,16-06-21,00:02:46,1462,0.999,green
34,0dbf3541e271760b172006ddf4b99be626ead0a2,128.183903,-3.697362,6.0,ID.MA.AM,97127.0,16-06-21,00:02:48,14,1.0,green
35,42e2952a0280336eaed618f9ad4171cbb8d5ad81,128.186448,-3.6875,14.0,ID.MA.AM,97123.0,16-06-21,00:02:52,3252,0.999,green
36,0ed6cba4475d3c353164c4f4f32a6dbc12968d23,128.22676,-3.684203,7.0,ID.MA.AM,97128.0,16-06-21,00:02:56,372,1.0,green
37,5c05262d08fe85436782447d775023730d1f2bd5,128.66375,-3.567567,11.0,ID.MA.MT,97546.0,16-06-21,00:03:00,132,0.999,green
38,5c05262d08fe85436782447d775023730d1f2bd5,128.66375,-3.567567,9.0,ID.MA.MT,97546.0,16-06-21,00:03:01,132,1.0,green
39,90dedec5a26b69a7884579b7c3b4a96d75bb90f9,128.178776,-3.711711,6.0,ID.MA.AM,97116.0,16-06-21,00:03:02,124,0.999,green
40,855a8469969f4d66dc99c513391f17a3fb7535b5,128.122001,-3.693693,7.0,,,16-06-21,00:03:07,1,1.0,green
41,843e14b5332caea0b609ce57093c8c83dafecadf,128.20523,-3.71333,20.0,ID.MA.AM,97129.0,16-06-21,00:03:09,1462,0.999,green
42,91bb706318f602b726f6042d2d5b3eedd48a0974,128.19884,-3.680428,3.0,ID.MA.AM,97128.0,16-06-21,00:03:09,1399,1.0,green
43,0629172ab2f01133fd4cd2c03b3ff0bb390c7919,129.64967,-2.84713,10.0,ID.MA.MT,97544.0,16-06-21,00:03:15,2,0.999,green
44,0629172ab2f01133fd4cd2c03b3ff0bb390c7919,129.64967,-2.84713,10.0,ID.MA.MT,97544.0,16-06-21,00:03:20,2,1.0,green
45,0dbf3541e271760b172006ddf4b99be626ead0a2,128.183903,-3.697362,7.0,ID.MA.AM,97127.0,16-06-21,00:03:40,14,0.999,green
46,5c05262d08fe85436782447d775023730d1f2bd5,128.66375,-3.56758,9.0,ID.MA.MT,97546.0,16-06-21,00:03:52,132,1.0,green
47,4f64f270bbb3d1497ed7ecddc0589f6c5504ea16,128.203759,-3.691292,12.0,ID.MA.AM,97129.0,16-06-21,00:03:57,3,0.999,green
48,843e14b5332caea0b609ce57093c8c83dafecadf,128.20525,-3.713319,20.0,ID.MA.AM,97129.0,16-06-21,00:03:59,1462,1.0,green
49,8be2353c9bbbefa971cb5f67ba48c433212ec2bb,128.17253,-3.70651,9.0,ID.MA.AM,97116.0,16-06-21,00:04:12,7,1.0,green
50,31156368c9966fd40cd7caf0536d3375b6c48b7f,128.22002,-3.621621,8.0,ID.MA.AM,97217.0,16-06-21,00:04:16,154,0.999,green
51,3f12b1caaddbac9f2390e80659e7ada1fd1b7b6b,128.120093,-2.955265,5.0,ID.MA.SB,97561.0,16-06-21,00:04:20,4,1.0,green
52,8be2353c9bbbefa971cb5f67ba48c433212ec2bb,128.17253,-3.70651,9.0,ID.MA.AM,97116.0,16-06-21,00:04:21,7,0.999,green
53,31156368c9966fd40cd7caf0536d3375b6c48b7f,128.22001,-3.62161,6.0,ID.MA.AM,97217.0,16-06-21,00:04:26,154,1.0,green
54,843e14b5332caea0b609ce57093c8c83dafecadf,128.205245,-3.713319,5.0,ID.MA.AM,97129.0,16-06-21,00:04:31,1462,0.999,green
55,c4b84290951f9b705673694d5b73cc7130b9d539,129.92834,-2.98195,11.0,ID.MA.MT,97544.0,16-06-21,00:04:33,459,1.0,green
56,c4b84290951f9b705673694d5b73cc7130b9d539,129.928342,-2.981949,11.0,ID.MA.MT,97544.0,16-06-21,00:04:44,459,1.0,green
57,c4b84290951f9b705673694d5b73cc7130b9d539,129.928342,-2.981949,18.0,ID.MA.MT,97544.0,16-06-21,00:05:01,459,1.0,green
58,46cc6a4402c3b8f8c6fa8294ca328ce6ffb4b5ad,127.97133,-3.38739,9.0,ID.MA.SB,97571.0,16-06-21,00:05:30,196,1.0,green
59,42e2952a0280336eaed618f9ad4171cbb8d5ad81,128.186448,-3.6875,5.0,ID.MA.AM,97123.0,16-06-21,00:05:32,3252,0.999,green
60,42e2952a0280336eaed618f9ad4171cbb8d5ad81,128.18643,-3.6875,5.0,ID.MA.AM,97123.0,16-06-21,00:05:41,3252,1.0,green
61,46cc6a4402c3b8f8c6fa8294ca328ce6ffb4b5ad,127.97134,-3.38739,9.0,ID.MA.SB,97571.0,16-06-21,00:05:45,196,0.999,green
62,c4b84290951f9b705673694d5b73cc7130b9d539,129.92834,-2.98195,18.0,ID.MA.MT,97544.0,16-06-21,00:05:52,459,1.0,green
63,11c6d72297b7b434de313514b8db336b52548bdd,128.194223,-3.693693,3.0,ID.MA.AM,97121.0,16-06-21,00:06:09,234,1.0,green
64,4be0e227df82ac83fe85a9c24c05c774bb487072,128.194223,-3.693693,7.0,ID.MA.AM,97121.0,16-06-21,00:06:23,202,1.0,green
65,e1ee4eb6ad63d233db5bfc18ceda7cc64351dada,129.64039,-3.315315,13.0,ID.MA.MT,97544.0,16-06-21,00:06:24,1,0.999,green
66,1d91fef5eefe0a5cbd9e532a35129f5e25a3698c,128.16881,-3.66169,7.0,ID.MA.AM,97224.0,16-06-21,00:06:30,259,1.0,green
67,1d91fef5eefe0a5cbd9e532a35129f5e25a3698c,128.16881,-3.66168,10.0,ID.MA.AM,97224.0,16-06-21,00:06:33,259,1.0,green
68,1d91fef5eefe0a5cbd9e532a35129f5e25a3698c,128.16882,-3.66169,10.0,ID.MA.AM,97224.0,16-06-21,00:06:44,259,0.999,green
69,1d91fef5eefe0a5cbd9e532a35129f5e25a3698c,128.16882,-3.66169,7.0,ID.MA.AM,97224.0,16-06-21,00:06:45,259,1.0,green
70,b155d26f7395eae899ee241bcf1b5f5df64a333d,128.189044,-3.657657,8.0,ID.MA.AM,97223.0,16-06-21,00:06:59,232,0.999,green
71,e96e876fd464c0f8d1bc06e19e8ab6dadf7da23b,128.165391,-3.70282,4.0,ID.MA.AM,97115.0,16-06-21,00:07:01,1,1.0,green
72,0c24a5e48f5880c222f9c9413522e7c08cf3c1ab,128.1776,-3.6902,93.0,,,16-06-21,00:07:05,4,0.999,green
73,d9198ea601dc1adc97549da71f389c65e0eaa70a,128.18807,-3.68717,10.0,ID.MA.AM,97128.0,16-06-21,00:07:05,156,1.0,green
74,91bb706318f602b726f6042d2d5b3eedd48a0974,128.198843,-3.680428,5.0,ID.MA.AM,97128.0,16-06-21,00:07:27,1399,0.999,green
75,1a724c5ffdb1413548eeda9c345694466c96fd3b,128.272981,-3.207207,18.0,ID.MA.SB,97564.0,16-06-21,00:07:45,179,1.0,green
76,d9198ea601dc1adc97549da71f389c65e0eaa70a,128.18805,-3.68718,10.0,ID.MA.AM,97128.0,16-06-21,00:07:50,156,0.999,green
77,0c24a5e48f5880c222f9c9413522e7c08cf3c1ab,128.1776,-3.6902,93.0,,,16-06-21,00:07:50,4,1.0,green
78,ec3518ed3c5deeeef8c1349a18ae6c847876bfdc,129.18097,-2.93942,110.0,ID.MA.MT,97544.0,16-06-21,00:09:28,661,1.0,green
79,4f64f270bbb3d1497ed7ecddc0589f6c5504ea16,128.20378,-3.6913,8.0,ID.MA.AM,97129.0,16-06-21,00:09:32,3,0.999,green
80,4be0e227df82ac83fe85a9c24c05c774bb487072,128.194223,-3.693693,15.0,ID.MA.AM,97121.0,16-06-21,00:09:40,202,1.0,green
81,4f64f270bbb3d1497ed7ecddc0589f6c5504ea16,128.20378,-3.6913,7.0,ID.MA.AM,97129.0,16-06-21,00:09:41,3,0.999,green
82,c4b84290951f9b705673694d5b73cc7130b9d539,129.928342,-2.981949,4.0,ID.MA.MT,97544.0,16-06-21,00:09:44,459,1.0,green
83,91bb706318f602b726f6042d2d5b3eedd48a0974,128.198843,-3.680428,6.0,ID.MA.AM,97128.0,16-06-21,00:09:54,1399,0.999,green
84,5b51aa3b9690351d790c6f8a2793480d44182bc7,128.189044,-3.657657,5.0,ID.MA.AM,97223.0,16-06-21,00:10:01,151,1.0,green
85,754b8e93a76db23ff144c6a0d7a9fb2cb2789055,128.1473,-3.72836,11.0,ID.MA.AM,97117.0,16-06-21,00:10:07,2147,0.999,green
86,9a5ca3b60661b70ea4d728d9948c78acad676eef,128.09543,-3.79004,15.0,ID.MA.AM,97118.0,16-06-21,00:10:36,2,1.0,green
87,9a5ca3b60661b70ea4d728d9948c78acad676eef,128.09544,-3.790021,15.0,ID.MA.AM,97118.0,16-06-21,00:10:46,2,0.999,green
88,1d91fef5eefe0a5cbd9e532a35129f5e25a3698c,128.16882,-3.66171,7.0,ID.MA.AM,97224.0,16-06-21,00:11:02,259,1.0,green
89,9c9a5f538c1bad90baec90cf9aa31be2f48b1b85,128.96235,-3.29888,7.0,ID.MA.MT,97544.0,16-06-21,00:11:06,2,0.999,green
90,754b8e93a76db23ff144c6a0d7a9fb2cb2789055,128.1473,-3.728356,7.0,ID.MA.AM,97117.0,16-06-21,00:11:29,2147,1.0,green
91,2e11f08c2a0bf2cc5c0f3637174f7b8584158b3f,128.25613,-3.62162,7.0,ID.MA.AM,97214.0,16-06-21,00:11:31,148,0.999,green
92,754b8e93a76db23ff144c6a0d7a9fb2cb2789055,128.1473,-3.728356,11.0,ID.MA.AM,97117.0,16-06-21,00:11:32,2147,1.0,green
93,4ba37ff33960043064a5e56dca8e31b3f3bed97b,128.18882,-3.69379,8.0,ID.MA.AM,97121.0,16-06-21,00:11:35,278,0.999,green
94,4ba37ff33960043064a5e56dca8e31b3f3bed97b,128.18882,-3.69379,8.0,ID.MA.AM,97121.0,16-06-21,00:11:40,278,1.0,green
95,754b8e93a76db23ff144c6a0d7a9fb2cb2789055,128.1473,-3.72837,11.0,ID.MA.AM,97117.0,16-06-21,00:11:41,2147,0.999,green
96,2e11f08c2a0bf2cc5c0f3637174f7b8584158b3f,128.256132,-3.621621,7.0,ID.MA.AM,97214.0,16-06-21,00:11:42,148,1.0,green
97,7e917addacb51400c35560fd64d439fea9521335,128.16101,-3.662584,7.0,ID.MA.AM,97225.0,16-06-21,00:11:47,1,0.999,green
98,1d91fef5eefe0a5cbd9e532a35129f5e25a3698c,128.16882,-3.66171,7.0,ID.MA.AM,97224.0,16-06-21,00:11:51,259,1.0,green
99,9c9a5f538c1bad90baec90cf9aa31be2f48b1b85,128.96234,-3.29887,7.0,ID.MA.MT,97544.0,16-06-21,00:11:56,2,0.999,green
100,0ed6cba4475d3c353164c4f4f32a6dbc12968d23,128.22682,-3.684166,10.0,ID.MA.AM,97128.0,16-06-21,00:12:00,372,1.0,green
101,5c05262d08fe85436782447d775023730d1f2bd5,128.66375,-3.56757,5.0,ID.MA.MT,97546.0,16-06-21,00:12:08,132,1.0,green
102,baa0dfbdc60a983d8d04950d779f06c6d64ae191,128.178191,-3.699091,9.0,ID.MA.AM,97126.0,16-06-21,00:12:19,82,0.999,green
103,76580200804f66c151905a7b1fd40f98ec3f6b9e,128.24097,-3.63118,16.0,ID.MA.AM,97215.0,16-06-21,00:12:20,91,1.0,green
104,42e2952a0280336eaed618f9ad4171cbb8d5ad81,128.186448,-3.6875,7.0,ID.MA.AM,97123.0,16-06-21,00:12:28,3252,0.999,green
105,baa0dfbdc60a983d8d04950d779f06c6d64ae191,128.17819,-3.6991,9.0,ID.MA.AM,97126.0,16-06-21,00:12:29,82,1.0,green
106,0ed6cba4475d3c353164c4f4f32a6dbc12968d23,128.22682,-3.68417,10.0,ID.MA.AM,97128.0,16-06-21,00:12:55,372,1.0,green
107,4be0e227df82ac83fe85a9c24c05c774bb487072,128.194223,-3.693693,8.0,ID.MA.AM,97121.0,16-06-21,00:12:56,202,0.999,green
108,0e901d8c1fcccd14eaaba6904cc57f2e6ad839db,128.69813,-3.423423,12.0,,,16-06-21,00:13:11,1,0.999,green
109,f6efc10cb20976ab6e111fd8a2b1f2ddaa8c4fc4,128.52437,-3.60362,5.0,ID.MA.MT,97545.0,16-06-21,00:13:13,158,1.0,green
110,24a60f1965720bf1c5a37c0575596aa5efc80697,128.243588,-3.626428,9.0,ID.MA.AM,97215.0,16-06-21,00:13:18,2,0.999,green
111,f6efc10cb20976ab6e111fd8a2b1f2ddaa8c4fc4,128.52439,-3.60361,5.0,ID.MA.MT,97545.0,16-06-21,00:13:24,158,0.999,green
112,c4b84290951f9b705673694d5b73cc7130b9d539,129.92834,-2.98195,5.0,ID.MA.MT,97544.0,16-06-21,00:13:33,459,0.999,green
113,c4b84290951f9b705673694d5b73cc7130b9d539,129.92832,-2.98194,5.0,ID.MA.MT,97544.0,16-06-21,00:13:44,459,1.0,green
114,11c6d72297b7b434de313514b8db336b52548bdd,128.19422,-3.6937,9.0,ID.MA.AM,97121.0,16-06-21,00:14:01,234,1.0,green
115,31156368c9966fd40cd7caf0536d3375b6c48b7f,128.220024,-3.621621,17.0,ID.MA.AM,97217.0,16-06-21,00:14:11,154,0.999,green
116,66b08c9c195b8374fdea561d97bfb0ef5881a8ad,128.19443,-3.55691,12.0,ID.MA.MT,97543.0,16-06-21,00:14:11,3,1.0,green
117,66b08c9c195b8374fdea561d97bfb0ef5881a8ad,128.194434,-3.556908,12.0,ID.MA.MT,97543.0,16-06-21,00:14:22,3,0.999,green
118,15b2ad170a728427d7934448d8f7d375d917f090,128.480228,-3.517247,5.0,ID.MA.MT,,16-06-21,00:14:37,264,1.0,green
119,15b2ad170a728427d7934448d8f7d375d917f090,128.48021,-3.51724,5.0,ID.MA.MT,,16-06-21,00:14:47,264,0.999,green
120,11c6d72297b7b434de313514b8db336b52548bdd,128.19424,-3.6937,9.0,ID.MA.AM,97121.0,16-06-21,00:14:52,234,1.0,green
121,ae64a4c7ef988419a8181eeb05331dffed63ef80,128.194223,-3.693693,13.0,ID.MA.AM,97121.0,16-06-21,00:15:02,74,0.999,green
122,90dedec5a26b69a7884579b7c3b4a96d75bb90f9,128.17877,-3.71172,5.0,ID.MA.AM,97116.0,16-06-21,00:15:05,124,1.0,green
123,ae64a4c7ef988419a8181eeb05331dffed63ef80,128.19422,-3.6937,5.0,ID.MA.AM,97121.0,16-06-21,00:15:06,74,0.999,green
124,b155d26f7395eae899ee241bcf1b5f5df64a333d,128.189044,-3.657657,13.0,ID.MA.AM,97223.0,16-06-21,00:15:06,232,1.0,green
125,a36851dc0f717dca3295c89ebe3836b978e246e1,128.70195,-3.59064,7.0,ID.MA.MT,97546.0,16-06-21,00:15:44,16,1.0,green
126,90dedec5a26b69a7884579b7c3b4a96d75bb90f9,128.17877,-3.71171,5.0,ID.MA.AM,97116.0,16-06-21,00:15:50,124,0.999,green
127,ae64a4c7ef988419a8181eeb05331dffed63ef80,128.19421,-3.6937,5.0,ID.MA.AM,97121.0,16-06-21,00:15:56,74,0.999,green
128,4be0e227df82ac83fe85a9c24c05c774bb487072,128.194223,-3.693693,7.0,ID.MA.AM,97121.0,16-06-21,00:16:15,202,0.999,green
129,4be0e227df82ac83fe85a9c24c05c774bb487072,128.19423,-3.6937,6.0,ID.MA.AM,97121.0,16-06-21,00:16:20,202,1.0,green
130,8001b88b8db2b4a621748f383befc5a92fe044f9,128.160707,-3.703072,6.0,ID.MA.AM,97117.0,16-06-21,00:16:37,2,1.0,green
131,8001b88b8db2b4a621748f383befc5a92fe044f9,128.1607,-3.70307,6.0,ID.MA.AM,97117.0,16-06-21,00:16:47,2,0.999,green
132,79679bc4a1d3a388fb7926946188a60c40562bdc,128.23593,-3.627906,11.0,ID.MA.AM,97216.0,16-06-21,00:16:57,241,0.999,green
133,4ba37ff33960043064a5e56dca8e31b3f3bed97b,128.18882,-3.69379,7.0,ID.MA.AM,97121.0,16-06-21,00:16:59,278,0.999,green
134,79679bc4a1d3a388fb7926946188a60c40562bdc,128.235936,-3.627887,7.0,ID.MA.AM,97216.0,16-06-21,00:16:59,241,1.0,green
135,79679bc4a1d3a388fb7926946188a60c40562bdc,128.235936,-3.627887,4.0,ID.MA.AM,97216.0,16-06-21,00:17:01,241,0.999,green
136,79679bc4a1d3a388fb7926946188a60c40562bdc,128.235936,-3.627887,3.0,ID.MA.AM,97216.0,16-06-21,00:17:03,241,1.0,green
137,1a724c5ffdb1413548eeda9c345694466c96fd3b,128.27298,-3.20721,9.0,ID.MA.SB,97564.0,16-06-21,00:17:15,179,0.999,green
138,1a724c5ffdb1413548eeda9c345694466c96fd3b,128.272981,-3.207207,9.0,ID.MA.SB,97564.0,16-06-21,00:17:20,179,0.999,green
139,42e2952a0280336eaed618f9ad4171cbb8d5ad81,128.186433,-3.687542,8.0,ID.MA.AM,97123.0,16-06-21,00:17:26,3252,1.0,green
140,2e11f08c2a0bf2cc5c0f3637174f7b8584158b3f,128.25613,-3.62162,6.0,ID.MA.AM,97214.0,16-06-21,00:17:34,148,1.0,green
141,2e11f08c2a0bf2cc5c0f3637174f7b8584158b3f,128.25613,-3.62164,4.0,ID.MA.AM,97214.0,16-06-21,00:17:43,148,0.999,green
142,79679bc4a1d3a388fb7926946188a60c40562bdc,128.23593,-3.62789,4.0,ID.MA.AM,97216.0,16-06-21,00:17:52,241,1.0,green
143,c4b84290951f9b705673694d5b73cc7130b9d539,129.928327,-2.981954,16.0,ID.MA.MT,97544.0,16-06-21,00:18:28,459,1.0,green
144,6bdc09d2bd1b7c719fab13f10b1bbda23de8ebb6,128.341319,-3.585585,7.0,,,16-06-21,00:18:30,71,0.999,green
145,0ed6cba4475d3c353164c4f4f32a6dbc12968d23,128.22676,-3.684398,8.0,ID.MA.AM,97128.0,16-06-21,00:18:32,372,1.0,green
146,0ed6cba4475d3c353164c4f4f32a6dbc12968d23,128.22676,-3.6844,8.0,ID.MA.AM,97128.0,16-06-21,00:18:41,372,1.0,green
147,84b10d9917c01ee2d60da31c6f877cfb1c985980,128.16228,-3.70489,5.0,ID.MA.AM,97117.0,16-06-21,00:18:42,4,0.999,green
148,6bdc09d2bd1b7c719fab13f10b1bbda23de8ebb6,128.34131,-3.58559,7.0,,,16-06-21,00:18:45,71,1.0,green
149,09559e0ef6aefa74f53ef362129668b7b732775f,128.197305,-3.639054,5.0,ID.MA.AM,97222.0,16-06-21,00:19:06,36,0.999,green
150,9c4a9fdbf27be919d18fb91e62d7378d38924cf7,129.032238,-3.259212,6.0,ID.MA.MT,97544.0,16-06-21,00:19:11,1,0.999,green
151,e99d200d7c9f462087b8c928456ad4f7e87c7f56,130.46566,-3.0798,3.0,ID.MA.ST,97585.0,16-06-21,00:19:13,30,1.0,green
152,e99d200d7c9f462087b8c928456ad4f7e87c7f56,130.46567,-3.0798,11.0,ID.MA.ST,97585.0,16-06-21,00:19:14,30,0.999,green
153,11f9051b9ed7b3d9efdb761f43c255b7efce72a7,128.19422,-3.6937,8.0,ID.MA.AM,97121.0,16-06-21,00:19:18,183,1.0,green
154,11f9051b9ed7b3d9efdb761f43c255b7efce72a7,128.194223,-3.693693,12.0,ID.MA.AM,97121.0,16-06-21,00:19:19,183,0.999,green
155,e99d200d7c9f462087b8c928456ad4f7e87c7f56,130.46568,-3.0798,11.0,ID.MA.ST,97585.0,16-06-21,00:19:23,30,1.0,green
156,e99d200d7c9f462087b8c928456ad4f7e87c7f56,130.46567,-3.0798,3.0,ID.MA.ST,97585.0,16-06-21,00:19:24,30,0.999,green
157,4ba37ff33960043064a5e56dca8e31b3f3bed97b,128.188823,-3.693785,10.0,ID.MA.AM,97121.0,16-06-21,00:19:27,278,0.999,green
158,aac6733c92747306a62df8891784fd501f193685,128.204255,-3.692768,8.0,ID.MA.AM,97129.0,16-06-21,00:19:28,1,0.999,green
159,7cef611f2d3c0f64ca2da5f4cfdb1b59def047dd,128.086271,-3.590128,6.0,ID.MA.MT,97543.0,16-06-21,00:19:47,1,0.999,green
160,f6efc10cb20976ab6e111fd8a2b1f2ddaa8c4fc4,128.524391,-3.603603,11.0,ID.MA.MT,97545.0,16-06-21,00:19:52,158,1.0,green
161,4a6ccf8c8980fafbc075b5a9aeac0768b1cd4f11,128.19161,-3.67569,12.0,ID.MA.AM,97129.0,16-06-21,00:20:05,196,0.999,green
162,1a724c5ffdb1413548eeda9c345694466c96fd3b,128.272981,-3.207207,10.0,ID.MA.SB,97564.0,16-06-21,00:20:21,179,1.0,green
163,fb7df9d9e2b8f58bb7d000458b3d49ad96b7e859,128.339006,-3.59168,11.0,ID.MA.MT,97544.0,16-06-21,00:20:26,9,1.0,green
164,ec3518ed3c5deeeef8c1349a18ae6c847876bfdc,128.19343,-3.64885,98.4,ID.MA.AM,97222.0,16-06-21,00:20:41,661,0.999,green
165,4a6ccf8c8980fafbc075b5a9aeac0768b1cd4f11,128.19162,-3.675675,12.0,ID.MA.AM,97129.0,16-06-21,00:20:50,196,1.0,green
166,c4b84290951f9b705673694d5b73cc7130b9d539,129.92831,-2.98197,16.0,ID.MA.MT,97544.0,16-06-21,00:21:03,459,0.999,green
167,665b4b4395807aadf47a513d5000bb662e7fe916,128.1776,-3.6902,11.0,,,16-06-21,00:21:11,6,0.999,green
168,e03abce86afd851437b9860165062725bcb9cb0a,130.498069,-3.104974,12.0,ID.MA.ST,97585.0,16-06-21,00:21:18,7,0.999,green
169,cbb8daf81325cdc5aacf256e3bb61bfc38c06204,128.715125,-3.603416,12.0,ID.MA.MT,97546.0,16-06-21,00:21:20,2,1.0,green
170,cbb8daf81325cdc5aacf256e3bb61bfc38c06204,128.715125,-3.603416,8.0,ID.MA.MT,97546.0,16-06-21,00:21:22,2,1.0,green
171,665b4b4395807aadf47a513d5000bb662e7fe916,128.1776,-3.6902,11.0,,,16-06-21,00:21:22,6,1.0,green
172,c4b84290951f9b705673694d5b73cc7130b9d539,129.928327,-2.981954,5.0,ID.MA.MT,97544.0,16-06-21,00:21:30,459,0.999,green
173,d5d2e24c698827657014aac642ea44e66cd5e869,128.15811,-3.6937,7.0,,,16-06-21,00:21:33,711,1.0,green
174,d5d2e24c698827657014aac642ea44e66cd5e869,128.158112,-3.693693,7.0,,,16-06-21,00:21:44,711,0.999,green
175,c4b84290951f9b705673694d5b73cc7130b9d539,129.92832,-2.98196,5.0,ID.MA.MT,97544.0,16-06-21,00:21:45,459,1.0,green
176,c4b84290951f9b705673694d5b73cc7130b9d539,129.928327,-2.981954,16.0,ID.MA.MT,97544.0,16-06-21,00:21:54,459,1.0,green
177,26fe4fa0d982e90468b27e2fa3665a282ab68c45,129.791082,-2.905804,7.0,ID.MA.MT,97544.0,16-06-21,00:22:06,613,0.999,green
178,cf91d2d468e0a86c5337e59b37752f2e11606daa,128.17615,-3.6937,8.0,ID.MA.AM,,16-06-21,00:22:36,242,1.0,green
179,ac5a16932d04832dbc6a13c6a2572f66b5b61c7f,128.320158,-3.588485,4.0,ID.MA.MT,97544.0,16-06-21,00:22:43,21,0.999,green
180,cf91d2d468e0a86c5337e59b37752f2e11606daa,128.17616,-3.693693,8.0,ID.MA.AM,,16-06-21,00:22:46,242,1.0,green
181,282a7066f5457ca3ab852a1c0f180d00cbef195b,128.72298,-3.603603,18.0,ID.MA.MT,97546.0,16-06-21,00:23:12,15,1.0,green
182,2853decab5448d54c62d1f74fd4af88ba1d58a5a,128.171591,-3.70593,7.0,ID.MA.AM,97115.0,16-06-21,00:23:13,1003,0.999,green
183,282a7066f5457ca3ab852a1c0f180d00cbef195b,128.72297,-3.60361,18.0,ID.MA.MT,97546.0,16-06-21,00:23:21,15,1.0,green
184,b583f0af962b0ae733d423a938f24e7ebc98f91b,128.194262,-3.685555,5.0,ID.MA.AM,97128.0,16-06-21,00:23:25,1,0.999,green
185,647753af68dfcacbfe5f56616b18a4d3c9708e21,128.32201,-3.57347,5.0,ID.MA.MT,97544.0,16-06-21,00:23:38,29,1.0,green
186,647753af68dfcacbfe5f56616b18a4d3c9708e21,128.32201,-3.57347,5.0,ID.MA.MT,97544.0,16-06-21,00:23:48,29,0.999,green
187,1d91fef5eefe0a5cbd9e532a35129f5e25a3698c,128.16881,-3.6617,6.0,ID.MA.AM,97224.0,16-06-21,00:24:06,259,0.999,green
188,926a5f5f0770656cbb8355f23e637afc92badb13,128.24385,-3.625089,6.0,ID.MA.AM,97215.0,16-06-21,00:24:10,55,0.999,green
189,926a5f5f0770656cbb8355f23e637afc92badb13,128.24386,-3.62509,6.0,ID.MA.AM,97215.0,16-06-21,00:24:25,55,0.999,green
190,2853decab5448d54c62d1f74fd4af88ba1d58a5a,128.17159,-3.70594,10.0,ID.MA.AM,97115.0,16-06-21,00:24:35,1003,1.0,green
191,2853decab5448d54c62d1f74fd4af88ba1d58a5a,128.17159,-3.70593,10.0,ID.MA.AM,97115.0,16-06-21,00:24:40,1003,0.999,green
192,1d91fef5eefe0a5cbd9e532a35129f5e25a3698c,128.16882,-3.6617,6.0,ID.MA.AM,97224.0,16-06-21,00:24:56,259,1.0,green
193,b6bd3add8e9a065168bae39604a8f798d8543fdb,128.1776,-3.6902,77.0,,,16-06-21,00:25:09,2,0.999,green
194,f6efc10cb20976ab6e111fd8a2b1f2ddaa8c4fc4,128.52437,-3.60362,7.0,ID.MA.MT,97545.0,16-06-21,00:25:13,158,1.0,green
195,26fe4fa0d982e90468b27e2fa3665a282ab68c45,129.79108,-2.90581,11.0,ID.MA.MT,97544.0,16-06-21,00:25:15,613,0.999,green
196,f26ab1b9be8fe1d5984cd525070625ece0c23556,128.28066,-3.21269,13.0,ID.MA.SB,97564.0,16-06-21,00:25:15,10,1.0,green
197,f26ab1b9be8fe1d5984cd525070625ece0c23556,128.28065,-3.21269,13.0,ID.MA.SB,97564.0,16-06-21,00:25:20,10,0.999,green
198,26fe4fa0d982e90468b27e2fa3665a282ab68c45,129.79108,-2.905804,11.0,ID.MA.MT,97544.0,16-06-21,00:25:20,613,1.0,green
199,f6efc10cb20976ab6e111fd8a2b1f2ddaa8c4fc4,128.52439,-3.60361,7.0,ID.MA.MT,97545.0,16-06-21,00:25:24,158,0.999,green
200,42e2952a0280336eaed618f9ad4171cbb8d5ad81,128.186433,-3.687542,6.0,ID.MA.AM,97123.0,16-06-21,00:25:37,3252,0.999,green
201,b6bd3add8e9a065168bae39604a8f798d8543fdb,128.1776,-3.6902,77.0,,,16-06-21,00:25:59,2,0.999,green
202,745af74216fef9696b82e25b0da064a0e86d204c,128.1776,-3.6902,49.0,,,16-06-21,00:26:10,7,0.999,green
203,1a724c5ffdb1413548eeda9c345694466c96fd3b,128.27296,-3.20721,10.0,ID.MA.SB,97564.0,16-06-21,00:26:14,179,0.999,green
204,1a724c5ffdb1413548eeda9c345694466c96fd3b,128.27298,-3.207207,10.0,ID.MA.SB,97564.0,16-06-21,00:26:23,179,1.0,green
205,745af74216fef9696b82e25b0da064a0e86d204c,128.1776,-3.6902,49.0,,,16-06-21,00:26:25,7,0.999,green
206,4a6ccf8c8980fafbc075b5a9aeac0768b1cd4f11,128.19162,-3.67568,4.0,ID.MA.AM,97129.0,16-06-21,00:26:33,196,0.999,green
207,79679bc4a1d3a388fb7926946188a60c40562bdc,128.23599,-3.62792,9.0,ID.MA.AM,97216.0,16-06-21,00:26:36,241,1.0,green
208,e99d200d7c9f462087b8c928456ad4f7e87c7f56,130.465673,-3.079791,8.0,ID.MA.ST,97585.0,16-06-21,00:26:37,30,0.999,green
209,4a6ccf8c8980fafbc075b5a9aeac0768b1cd4f11,128.19162,-3.675675,4.0,ID.MA.AM,97129.0,16-06-21,00:26:44,196,1.0,green
210,79679bc4a1d3a388fb7926946188a60c40562bdc,128.235997,-3.627918,23.0,ID.MA.AM,97216.0,16-06-21,00:26:45,241,0.999,green
211,79679bc4a1d3a388fb7926946188a60c40562bdc,128.235997,-3.627918,9.0,ID.MA.AM,97216.0,16-06-21,00:26:46,241,1.0,green
212,79679bc4a1d3a388fb7926946188a60c40562bdc,128.235997,-3.627918,6.0,ID.MA.AM,97216.0,16-06-21,00:26:54,241,1.0,green
213,31156368c9966fd40cd7caf0536d3375b6c48b7f,128.22002,-3.621621,5.0,ID.MA.AM,97217.0,16-06-21,00:27:01,154,0.999,green
214,ae64a4c7ef988419a8181eeb05331dffed63ef80,128.19422,-3.6937,6.0,ID.MA.AM,97121.0,16-06-21,00:27:12,74,1.0,green
215,2853decab5448d54c62d1f74fd4af88ba1d58a5a,128.17159,-3.70594,7.0,ID.MA.AM,97115.0,16-06-21,00:27:16,1003,1.0,green
216,ae64a4c7ef988419a8181eeb05331dffed63ef80,128.19422,-3.6937,6.0,ID.MA.AM,97121.0,16-06-21,00:27:21,74,0.999,green
217,2853decab5448d54c62d1f74fd4af88ba1d58a5a,128.171591,-3.70593,7.0,ID.MA.AM,97115.0,16-06-21,00:27:26,1003,0.999,green
218,79679bc4a1d3a388fb7926946188a60c40562bdc,128.23599,-3.62792,11.0,ID.MA.AM,97216.0,16-06-21,00:27:31,241,0.999,green
219,53cfe1e0c91a10d9d19676feb9be8ad5be90acce,128.22515,-3.65766,8.0,ID.MA.AM,97212.0,16-06-21,00:27:36,44,1.0,green
220,79679bc4a1d3a388fb7926946188a60c40562bdc,128.235997,-3.627918,18.0,ID.MA.AM,97216.0,16-06-21,00:27:38,241,0.999,green
221,53cfe1e0c91a10d9d19676feb9be8ad5be90acce,128.22513,-3.65765,8.0,ID.MA.AM,97212.0,16-06-21,00:27:46,44,1.0,green
222,79679bc4a1d3a388fb7926946188a60c40562bdc,128.23599,-3.62793,18.0,ID.MA.AM,97216.0,16-06-21,00:27:48,241,0.999,green
223,31156368c9966fd40cd7caf0536d3375b6c48b7f,128.22002,-3.62163,5.0,ID.MA.AM,97217.0,16-06-21,00:27:52,154,1.0,green
224,79679bc4a1d3a388fb7926946188a60c40562bdc,128.23579,-3.62801,16.0,ID.MA.AM,97216.0,16-06-21,00:28:01,241,1.0,green
225,e99d200d7c9f462087b8c928456ad4f7e87c7f56,130.46566,-3.0798,19.0,ID.MA.ST,97585.0,16-06-21,00:28:02,30,0.999,green
226,e99d200d7c9f462087b8c928456ad4f7e87c7f56,130.465673,-3.079791,6.0,ID.MA.ST,97585.0,16-06-21,00:28:16,30,1.0,green
227,e99d200d7c9f462087b8c928456ad4f7e87c7f56,130.46567,-3.0798,17.0,ID.MA.ST,97585.0,16-06-21,00:28:17,30,0.999,green
228,79679bc4a1d3a388fb7926946188a60c40562bdc,128.235997,-3.627918,7.0,ID.MA.AM,97216.0,16-06-21,00:28:24,241,1.0,green
229,e99d200d7c9f462087b8c928456ad4f7e87c7f56,130.46567,-3.0798,19.0,ID.MA.ST,97585.0,16-06-21,00:28:51,30,1.0,green
230,79679bc4a1d3a388fb7926946188a60c40562bdc,128.235798,-3.628005,16.0,ID.MA.AM,97216.0,16-06-21,00:28:52,241,0.999,green
231,e99d200d7c9f462087b8c928456ad4f7e87c7f56,130.465673,-3.079791,10.0,ID.MA.ST,97585.0,16-06-21,00:29:01,30,0.999,green
232,1bffae3f633c70526412afe159553a6480974a75,128.214366,-3.658039,13.0,ID.MA.AM,97212.0,16-06-21,00:29:25,37,1.0,green
233,c78c434747084f96d6476584c2a00dc2788985d2,128.178776,-3.711711,9.0,ID.MA.AM,97116.0,16-06-21,00:29:53,93,1.0,green
234,1053bdf47964598e8ea7e36c369c31eb679f9931,128.191733,-3.706676,9.0,ID.MA.AM,97129.0,16-06-21,00:30:31,110,1.0,green
235,79679bc4a1d3a388fb7926946188a60c40562bdc,128.23596,-3.62793,13.0,ID.MA.AM,97216.0,16-06-21,00:30:31,241,0.999,green
236,79679bc4a1d3a388fb7926946188a60c40562bdc,128.23596,-3.62793,11.0,ID.MA.AM,97216.0,16-06-21,00:30:34,241,1.0,green
237,79679bc4a1d3a388fb7926946188a60c40562bdc,128.235953,-3.627914,7.0,ID.MA.AM,97216.0,16-06-21,00:30:42,241,1.0,green
238,ed4eb930adb4bd44ec49f517d78fb0abf81d1d0e,128.221124,-3.692114,5.0,ID.MA.AM,97128.0,16-06-21,00:30:42,162,0.999,green
239,79679bc4a1d3a388fb7926946188a60c40562bdc,128.235953,-3.627914,11.0,ID.MA.AM,97216.0,16-06-21,00:30:43,241,0.999,green
240,ec3518ed3c5deeeef8c1349a18ae6c847876bfdc,128.19353,-3.64874,180.0,ID.MA.AM,97222.0,16-06-21,00:30:45,661,1.0,green
241,e99d200d7c9f462087b8c928456ad4f7e87c7f56,130.465673,-3.079791,6.0,ID.MA.ST,97585.0,16-06-21,00:31:05,30,0.999,green
242,e99d200d7c9f462087b8c928456ad4f7e87c7f56,130.465673,-3.079791,26.0,ID.MA.ST,97585.0,16-06-21,00:31:07,30,1.0,green
243,e99d200d7c9f462087b8c928456ad4f7e87c7f56,130.46567,-3.0798,6.0,ID.MA.ST,97585.0,16-06-21,00:31:31,30,1.0,green
244,79679bc4a1d3a388fb7926946188a60c40562bdc,128.23594,-3.62793,8.0,ID.MA.AM,97216.0,16-06-21,00:32:04,241,0.999,green
245,f5655417cff77cdd2cf4a986b53fd249d3deeb56,128.951795,-3.308727,10.0,ID.MA.MT,97544.0,16-06-21,00:32:10,993,1.0,green
246,f5655417cff77cdd2cf4a986b53fd249d3deeb56,128.951765,-3.308732,7.0,ID.MA.MT,97544.0,16-06-21,00:32:15,993,0.999,green
247,f5655417cff77cdd2cf4a986b53fd249d3deeb56,128.951765,-3.308732,11.0,ID.MA.MT,97544.0,16-06-21,00:32:16,993,1.0,green
248,f5655417cff77cdd2cf4a986b53fd249d3deeb56,128.951765,-3.308732,22.0,ID.MA.MT,97544.0,16-06-21,00:32:17,993,0.999,green
249,f5655417cff77cdd2cf4a986b53fd249d3deeb56,128.951765,-3.308732,6.0,ID.MA.MT,97544.0,16-06-21,00:32:19,993,1.0,green
250,e99d200d7c9f462087b8c928456ad4f7e87c7f56,130.465673,-3.079791,7.0,ID.MA.ST,97585.0,16-06-21,00:32:20,30,0.999,green
251,f5655417cff77cdd2cf4a986b53fd249d3deeb56,128.9518,-3.30872,10.0,ID.MA.MT,97544.0,16-06-21,00:32:25,993,1.0,green
252,f5655417cff77cdd2cf4a986b53fd249d3deeb56,128.95178,-3.30875,22.0,ID.MA.MT,97544.0,16-06-21,00:32:27,993,0.999,green
253,f5655417cff77cdd2cf4a986b53fd249d3deeb56,128.951765,-3.308732,10.0,ID.MA.MT,97544.0,16-06-21,00:32:28,993,1.0,green
254,d9b88fc75af37ebad07cc0a154637453c64fd48a,128.20067,-3.6667,4.0,ID.MA.AM,97128.0,16-06-21,00:32:33,153,0.999,green
255,d9b88fc75af37ebad07cc0a154637453c64fd48a,128.200677,-3.666695,4.0,ID.MA.AM,97128.0,16-06-21,00:32:44,153,1.0,green
256,79679bc4a1d3a388fb7926946188a60c40562bdc,128.235938,-3.627914,8.0,ID.MA.AM,97216.0,16-06-21,00:32:53,241,1.0,green
257,ed4eb930adb4bd44ec49f517d78fb0abf81d1d0e,128.221124,-3.692114,11.0,ID.MA.AM,97128.0,16-06-21,00:32:53,162,0.999,green
258,8cb2ba020f5303859fa05f0808731e4b291c6dc6,128.176168,-3.693693,9.0,ID.MA.AM,,16-06-21,00:33:03,4,0.999,green
259,79679bc4a1d3a388fb7926946188a60c40562bdc,128.23596,-3.62792,16.0,ID.MA.AM,97216.0,16-06-21,00:33:06,241,1.0,green
260,11c6d72297b7b434de313514b8db336b52548bdd,128.19422,-3.6937,9.0,ID.MA.AM,97121.0,16-06-21,00:33:08,234,0.999,green
261,ae64a4c7ef988419a8181eeb05331dffed63ef80,128.19422,-3.6937,11.0,ID.MA.AM,97121.0,16-06-21,00:33:18,74,1.0,green
262,ae64a4c7ef988419a8181eeb05331dffed63ef80,128.19422,-3.6937,11.0,ID.MA.AM,97121.0,16-06-21,00:33:28,74,0.999,green
263,79679bc4a1d3a388fb7926946188a60c40562bdc,128.23595,-3.62793,15.0,ID.MA.AM,97216.0,16-06-21,00:33:30,241,1.0,green
264,f5655417cff77cdd2cf4a986b53fd249d3deeb56,128.951893,-3.308591,12.0,ID.MA.MT,97544.0,16-06-21,00:33:30,993,0.999,green
265,614ea78d230b70e4898834c26e472b2bfedee6e4,128.19684,-3.711711,7.0,ID.MA.AM,97129.0,16-06-21,00:33:36,130,0.999,green
266,79679bc4a1d3a388fb7926946188a60c40562bdc,128.23596,-3.62792,14.0,ID.MA.AM,97216.0,16-06-21,00:33:37,241,1.0,green
267,31156368c9966fd40cd7caf0536d3375b6c48b7f,128.22002,-3.62163,9.0,ID.MA.AM,97217.0,16-06-21,00:33:39,154,0.999,green
268,a17107eef00467cf70afb16e4e90f9bd29130c0b,128.1776,-3.6902,56.0,,,16-06-21,00:33:42,7,0.999,green
269,f5655417cff77cdd2cf4a986b53fd249d3deeb56,128.951893,-3.308591,17.0,ID.MA.MT,97544.0,16-06-21,00:33:42,993,1.0,green
270,f5655417cff77cdd2cf4a986b53fd249d3deeb56,128.95189,-3.3086,12.0,ID.MA.MT,97544.0,16-06-21,00:33:45,993,1.0,green
271,79679bc4a1d3a388fb7926946188a60c40562bdc,128.235965,-3.627916,15.0,ID.MA.AM,97216.0,16-06-21,00:33:45,241,0.999,green
272,614ea78d230b70e4898834c26e472b2bfedee6e4,128.19683,-3.71173,7.0,ID.MA.AM,97129.0,16-06-21,00:33:46,130,1.0,green
273,79679bc4a1d3a388fb7926946188a60c40562bdc,128.235965,-3.627916,14.0,ID.MA.AM,97216.0,16-06-21,00:33:47,241,0.999,green
275,79679bc4a1d3a388fb7926946188a60c40562bdc,128.235965,-3.627916,21.0,ID.MA.AM,97216.0,16-06-21,00:33:49,241,1.0,green
274,31156368c9966fd40cd7caf0536d3375b6c48b7f,128.22002,-3.62163,9.0,ID.MA.AM,97217.0,16-06-21,00:33:49,154,0.999,green
276,79679bc4a1d3a388fb7926946188a60c40562bdc,128.235965,-3.627916,15.0,ID.MA.AM,97216.0,16-06-21,00:33:50,241,1.0,green
277,79679bc4a1d3a388fb7926946188a60c40562bdc,128.235965,-3.627916,16.0,ID.MA.AM,97216.0,16-06-21,00:33:56,241,0.999,green
278,79679bc4a1d3a388fb7926946188a60c40562bdc,128.235965,-3.627916,7.0,ID.MA.AM,97216.0,16-06-21,00:33:57,241,1.0,green
279,11c6d72297b7b434de313514b8db336b52548bdd,128.194223,-3.693693,9.0,ID.MA.AM,97121.0,16-06-21,00:33:58,234,0.999,green
280,f5655417cff77cdd2cf4a986b53fd249d3deeb56,128.95189,-3.3086,6.0,ID.MA.MT,97544.0,16-06-21,00:34:03,993,1.0,green
281,e99d200d7c9f462087b8c928456ad4f7e87c7f56,130.46567,-3.0798,3.0,ID.MA.ST,97585.0,16-06-21,00:34:13,30,0.999,green
282,f5655417cff77cdd2cf4a986b53fd249d3deeb56,128.951893,-3.308591,32.0,ID.MA.MT,97544.0,16-06-21,00:34:14,993,1.0,green
283,2ea9d92d3150e4e73c250493249e69bead266750,128.16072,-3.711711,9.0,ID.MA.AM,97117.0,16-06-21,00:34:16,10,0.999,green
284,f5655417cff77cdd2cf4a986b53fd249d3deeb56,128.95189,-3.3086,32.0,ID.MA.MT,97544.0,16-06-21,00:34:23,993,0.999,green
285,e99d200d7c9f462087b8c928456ad4f7e87c7f56,130.46566,-3.0798,3.0,ID.MA.ST,97585.0,16-06-21,00:34:24,30,1.0,green
286,e99d200d7c9f462087b8c928456ad4f7e87c7f56,130.46567,-3.0798,28.0,ID.MA.ST,97585.0,16-06-21,00:34:28,30,0.999,green
287,f5655417cff77cdd2cf4a986b53fd249d3deeb56,128.951893,-3.308591,6.0,ID.MA.MT,97544.0,16-06-21,00:34:54,993,1.0,green
289,66b08c9c195b8374fdea561d97bfb0ef5881a8ad,128.194434,-3.556908,11.0,ID.MA.MT,97543.0,16-06-21,00:34:55,3,1.0,green
288,f5655417cff77cdd2cf4a986b53fd249d3deeb56,128.951893,-3.308591,10.0,ID.MA.MT,97544.0,16-06-21,00:34:55,993,0.999,green
290,e99d200d7c9f462087b8c928456ad4f7e87c7f56,130.465673,-3.079791,17.0,ID.MA.ST,97585.0,16-06-21,00:34:56,30,0.999,green
291,e99d200d7c9f462087b8c928456ad4f7e87c7f56,130.465673,-3.079791,6.0,ID.MA.ST,97585.0,16-06-21,00:34:59,30,1.0,green
292,2853decab5448d54c62d1f74fd4af88ba1d58a5a,128.17166,-3.70587,25.0,ID.MA.AM,97115.0,16-06-21,00:35:05,1003,1.0,green
293,f5dc4927d2a25ec67cb7199d77bfa96cbabba75f,128.1776,-3.6902,1.0,,,16-06-21,00:35:21,53,1.0,green
294,967b034fb192c13fb7de105c5769aef8e208fdd6,128.542445,-3.603603,12.0,ID.MA.MT,97545.0,16-06-21,00:35:24,172,0.999,green
295,79679bc4a1d3a388fb7926946188a60c40562bdc,128.235952,-3.627983,13.0,ID.MA.AM,97216.0,16-06-21,00:35:33,241,1.0,green
296,f5655417cff77cdd2cf4a986b53fd249d3deeb56,128.95189,-3.308591,4.0,ID.MA.MT,97544.0,16-06-21,00:35:40,993,0.999,green
297,2853decab5448d54c62d1f74fd4af88ba1d58a5a,128.17165,-3.70588,24.0,ID.MA.AM,97115.0,16-06-21,00:35:50,1003,1.0,green
298,f5655417cff77cdd2cf4a986b53fd249d3deeb56,128.951893,-3.308591,16.0,ID.MA.MT,97544.0,16-06-21,00:36:14,993,0.999,green
299,6c8598f62dbdd937d73417b30a643abcce99e81e,128.20312,-3.68025,6.0,ID.MA.AM,97128.0,16-06-21,00:36:17,120,1.0,green
300,79679bc4a1d3a388fb7926946188a60c40562bdc,128.23593,-3.62795,8.0,ID.MA.AM,97216.0,16-06-21,00:36:18,241,0.999,green
301,6c8598f62dbdd937d73417b30a643abcce99e81e,128.20311,-3.68026,6.0,ID.MA.AM,97128.0,16-06-21,00:36:27,120,1.0,green
302,2c1933a65b17ae56c433f00cc4edf98d5fe0c36f,128.19402,-3.696172,15.0,ID.MA.AM,97121.0,16-06-21,00:36:34,1,0.999,green
303,d9b88fc75af37ebad07cc0a154637453c64fd48a,128.245787,-3.64361,8.0,ID.MA.AM,97211.0,16-06-21,00:37:00,153,0.999,green
304,e99d200d7c9f462087b8c928456ad4f7e87c7f56,130.46567,-3.0798,17.0,ID.MA.ST,97585.0,16-06-21,00:37:17,30,0.999,green
305,d9b88fc75af37ebad07cc0a154637453c64fd48a,128.24577,-3.64362,6.0,ID.MA.AM,97211.0,16-06-21,00:37:31,153,1.0,green
306,e03abce86afd851437b9860165062725bcb9cb0a,130.49808,-3.104976,8.0,ID.MA.ST,97585.0,16-06-21,00:37:34,7,1.0,green
307,d9b88fc75af37ebad07cc0a154637453c64fd48a,128.24578,-3.64361,6.0,ID.MA.AM,97211.0,16-06-21,00:37:42,153,0.999,green
308,e03abce86afd851437b9860165062725bcb9cb0a,130.49807,-3.10499,8.0,ID.MA.ST,97585.0,16-06-21,00:37:43,7,1.0,green
309,2853decab5448d54c62d1f74fd4af88ba1d58a5a,128.17166,-3.70587,16.0,ID.MA.AM,97115.0,16-06-21,00:37:48,1003,1.0,green
310,e99d200d7c9f462087b8c928456ad4f7e87c7f56,130.46568,-3.0798,18.0,ID.MA.ST,97585.0,16-06-21,00:39:07,30,0.999,green
311,b87680adeba305ca4fb5c164c26cb503b1324a51,128.20357,-3.6972,14.0,ID.MA.AM,97129.0,16-06-21,00:39:18,244,0.999,green
312,3e0aa142d087024c0b9913c0e984568ffd426fdd,130.143763,-2.992605,16.0,ID.MA.ST,97582.0,16-06-21,00:39:23,43,1.0,green
313,b87680adeba305ca4fb5c164c26cb503b1324a51,128.20357,-3.697198,14.0,ID.MA.AM,97129.0,16-06-21,00:39:28,244,0.999,green
314,e99d200d7c9f462087b8c928456ad4f7e87c7f56,130.46567,-3.0798,18.0,ID.MA.ST,97585.0,16-06-21,00:39:57,30,1.0,green
316,361e2338880665417f314505f7b97ca69dd84330,128.225153,-3.657657,13.0,ID.MA.AM,97212.0,16-06-21,00:40:03,44,0.999,green
315,3e0aa142d087024c0b9913c0e984568ffd426fdd,130.14375,-2.99261,6.0,ID.MA.ST,97582.0,16-06-21,00:40:03,43,1.0,green
317,e99d200d7c9f462087b8c928456ad4f7e87c7f56,130.465673,-3.079791,20.0,ID.MA.ST,97585.0,16-06-21,00:40:30,30,1.0,green
318,ec3518ed3c5deeeef8c1349a18ae6c847876bfdc,128.19348,-3.64881,82.5,ID.MA.AM,97222.0,16-06-21,00:40:30,661,0.999,green
319,3e0aa142d087024c0b9913c0e984568ffd426fdd,130.14376,-2.99261,7.0,ID.MA.ST,97582.0,16-06-21,00:40:34,43,1.0,green
320,3e0aa142d087024c0b9913c0e984568ffd426fdd,130.14375,-2.99262,7.0,ID.MA.ST,97582.0,16-06-21,00:40:43,43,0.999,green
321,ec3518ed3c5deeeef8c1349a18ae6c847876bfdc,128.19347,-3.64881,82.5,ID.MA.AM,97222.0,16-06-21,00:40:45,661,1.0,green
322,3e0aa142d087024c0b9913c0e984568ffd426fdd,130.143763,-2.992605,6.0,ID.MA.ST,97582.0,16-06-21,00:40:54,43,0.999,green
323,e99d200d7c9f462087b8c928456ad4f7e87c7f56,130.465673,-3.079791,10.0,ID.MA.ST,97585.0,16-06-21,00:40:56,30,0.999,green
324,172a7ba76a838e37967f3542a73c87f5c948139c,128.636577,-2.84956,6.0,,,16-06-21,00:41:00,9,1.0,green
325,3e0aa142d087024c0b9913c0e984568ffd426fdd,130.143763,-2.992605,24.0,ID.MA.ST,97582.0,16-06-21,00:41:14,43,0.999,green
326,3e0aa142d087024c0b9913c0e984568ffd426fdd,130.14376,-2.99261,24.0,ID.MA.ST,97582.0,16-06-21,00:41:23,43,1.0,green
327,b87680adeba305ca4fb5c164c26cb503b1324a51,128.20357,-3.697198,13.0,ID.MA.AM,97129.0,16-06-21,00:41:30,244,0.999,green
328,2853decab5448d54c62d1f74fd4af88ba1d58a5a,128.17166,-3.70587,18.0,ID.MA.AM,97115.0,16-06-21,00:41:31,1003,1.0,green
329,26bb9746bed19c245320f8536ea55dc546f3ac18,128.222795,-3.657783,30.0,ID.MA.AM,97212.0,16-06-21,00:41:34,1,0.999,green
330,b87680adeba305ca4fb5c164c26cb503b1324a51,128.20357,-3.6972,13.0,ID.MA.AM,97129.0,16-06-21,00:41:45,244,1.0,green
331,e99d200d7c9f462087b8c928456ad4f7e87c7f56,130.46567,-3.0798,8.0,ID.MA.ST,97585.0,16-06-21,00:42:14,30,0.999,green
332,13e9801e8ce92ca5f7cbe837dd4f9748f690bd77,128.18283,-3.70093,6.0,ID.MA.AM,97127.0,16-06-21,00:42:17,256,1.0,green
333,13e9801e8ce92ca5f7cbe837dd4f9748f690bd77,128.18286,-3.70091,6.0,ID.MA.AM,97127.0,16-06-21,00:42:27,256,1.0,green
334,a4028f43a326eec9776d5ec4331b98a0068c9d18,128.194223,-3.693693,16.0,ID.MA.AM,97121.0,16-06-21,00:42:40,122,0.999,green
335,2853decab5448d54c62d1f74fd4af88ba1d58a5a,128.171661,-3.705862,15.0,ID.MA.AM,97115.0,16-06-21,00:43:13,1003,0.999,green
336,42e2952a0280336eaed618f9ad4171cbb8d5ad81,128.186439,-3.687415,13.0,ID.MA.AM,97123.0,16-06-21,00:43:18,3252,0.999,green
337,31156368c9966fd40cd7caf0536d3375b6c48b7f,128.22002,-3.621621,5.0,ID.MA.AM,97217.0,16-06-21,00:43:19,154,1.0,green
338,42e2952a0280336eaed618f9ad4171cbb8d5ad81,128.18644,-3.68743,13.0,ID.MA.AM,97123.0,16-06-21,00:43:28,3252,1.0,green
339,7e736314897b6d7115012af8e313f9abfc50e127,128.24043,-3.641668,9.0,ID.MA.AM,97211.0,16-06-21,00:43:42,110,1.0,green
340,0564077f344e7439df5710e8682ab5021b14b21d,128.25613,-3.62162,6.0,ID.MA.AM,97214.0,16-06-21,00:44:02,32,1.0,green
341,5b51aa3b9690351d790c6f8a2793480d44182bc7,128.189044,-3.657657,6.0,ID.MA.AM,97223.0,16-06-21,00:44:03,151,0.999,green
342,59e1c8a2b5a53e28450ff532d21ae0a3758881c2,128.17505,-3.70781,11.0,ID.MA.AM,97116.0,16-06-21,00:44:16,330,1.0,green
343,bbfdb516e90cb80727164cff855fdb0b8cbd4cb6,128.184443,-3.686565,14.0,ID.MA.AM,97123.0,16-06-21,00:44:20,275,0.999,green
344,59e1c8a2b5a53e28450ff532d21ae0a3758881c2,128.17506,-3.707806,11.0,ID.MA.AM,97116.0,16-06-21,00:44:26,330,0.999,green
345,0564077f344e7439df5710e8682ab5021b14b21d,128.25613,-3.62164,4.0,ID.MA.AM,97214.0,16-06-21,00:44:51,32,1.0,green
346,42e2952a0280336eaed618f9ad4171cbb8d5ad81,128.186439,-3.687415,7.0,ID.MA.AM,97123.0,16-06-21,00:45:14,3252,0.999,green
347,42e2952a0280336eaed618f9ad4171cbb8d5ad81,128.18644,-3.68743,7.0,ID.MA.AM,97123.0,16-06-21,00:45:23,3252,1.0,green
348,a4028f43a326eec9776d5ec4331b98a0068c9d18,128.194223,-3.693693,9.0,ID.MA.AM,97121.0,16-06-21,00:45:39,122,0.999,green
349,8f9e7f5b400a7c3958208d1da4fb6f5e83403771,128.1776,-3.6902,94.0,,,16-06-21,00:45:44,1,1.0,green
350,42e2952a0280336eaed618f9ad4171cbb8d5ad81,128.186439,-3.687415,27.0,ID.MA.AM,97123.0,16-06-21,00:45:53,3252,0.999,green
351,bbfdb516e90cb80727164cff855fdb0b8cbd4cb6,128.184443,-3.686565,7.0,ID.MA.AM,97123.0,16-06-21,00:45:56,275,1.0,green
352,c4b84290951f9b705673694d5b73cc7130b9d539,129.927803,-2.982075,8.0,ID.MA.MT,97544.0,16-06-21,00:46:34,459,0.999,green
353,11c6d72297b7b434de313514b8db336b52548bdd,128.194223,-3.693693,6.0,ID.MA.AM,97121.0,16-06-21,00:46:39,234,1.0,green
354,2853decab5448d54c62d1f74fd4af88ba1d58a5a,128.17159,-3.70593,9.0,ID.MA.AM,97115.0,16-06-21,00:46:40,1003,0.999,green
355,11c6d72297b7b434de313514b8db336b52548bdd,128.19421,-3.6937,6.0,ID.MA.AM,97121.0,16-06-21,00:46:49,234,0.999,green
356,c4b84290951f9b705673694d5b73cc7130b9d539,129.92779,-2.98209,31.0,ID.MA.MT,97544.0,16-06-21,00:47:09,459,1.0,green
357,e6049f50a15f39466073fd4cba2c821b3a13012b,128.41174,-3.441441,9.0,,,16-06-21,00:47:36,315,0.999,green
358,0ed6cba4475d3c353164c4f4f32a6dbc12968d23,128.22676,-3.6844,13.0,ID.MA.AM,97128.0,16-06-21,00:47:37,372,1.0,green
359,e6049f50a15f39466073fd4cba2c821b3a13012b,128.41174,-3.44145,9.0,,,16-06-21,00:47:46,315,0.999,green
360,c4b84290951f9b705673694d5b73cc7130b9d539,129.9278,-2.98208,31.0,ID.MA.MT,97544.0,16-06-21,00:47:59,459,1.0,green
361,50d251776cff511a81de116b37e1398eec276224,128.17157,-3.70945,8.0,ID.MA.AM,97116.0,16-06-21,00:48:01,105,0.999,green
362,dbbee1d891e15c0b676cdd990f185c51149845fa,128.9472,-3.310895,13.0,ID.MA.MT,97544.0,16-06-21,00:48:07,5,0.999,green
363,e99d200d7c9f462087b8c928456ad4f7e87c7f56,130.465673,-3.079791,22.0,ID.MA.ST,97585.0,16-06-21,00:48:25,30,1.0,green
364,e99d200d7c9f462087b8c928456ad4f7e87c7f56,130.465673,-3.079791,6.0,ID.MA.ST,97585.0,16-06-21,00:48:26,30,0.999,green
365,e99d200d7c9f462087b8c928456ad4f7e87c7f56,130.46567,-3.0798,20.0,ID.MA.ST,97585.0,16-06-21,00:48:31,30,1.0,green
366,c4b84290951f9b705673694d5b73cc7130b9d539,129.928329,-2.98197,11.0,ID.MA.MT,97544.0,16-06-21,00:48:39,459,0.999,green
367,e99d200d7c9f462087b8c928456ad4f7e87c7f56,130.465673,-3.079791,9.0,ID.MA.ST,97585.0,16-06-21,00:48:43,30,1.0,green
368,cf91d2d468e0a86c5337e59b37752f2e11606daa,128.17616,-3.693693,13.0,ID.MA.AM,,16-06-21,00:48:45,242,0.999,green
369,50d251776cff511a81de116b37e1398eec276224,128.171582,-3.709438,8.0,ID.MA.AM,97116.0,16-06-21,00:48:52,105,1.0,green
371,18e8854380559edafc966214adc8bc726e411775,128.66206,-3.57199,31.0,ID.MA.MT,97546.0,16-06-21,00:49:11,10,0.999,green
370,a9b2603eeb52c0cdd4429d3d999e1d5b76ac4534,128.183303,-3.6958,8.0,ID.MA.AM,97124.0,16-06-21,00:49:11,4,1.0,green
372,18e8854380559edafc966214adc8bc726e411775,128.66204,-3.57198,31.0,ID.MA.MT,97546.0,16-06-21,00:49:22,10,1.0,green
373,a9b2603eeb52c0cdd4429d3d999e1d5b76ac4534,128.1833,-3.69581,8.0,ID.MA.AM,97124.0,16-06-21,00:49:22,4,0.999,green
374,b155d26f7395eae899ee241bcf1b5f5df64a333d,128.189044,-3.657657,7.0,ID.MA.AM,97223.0,16-06-21,00:49:32,232,1.0,green
375,18e8854380559edafc966214adc8bc726e411775,128.662043,-3.571973,24.0,ID.MA.MT,97546.0,16-06-21,00:49:35,10,1.0,green
376,ae52f9220e7b3baca99f5a6bbf111e51cf2d2779,128.19921,-3.670866,4.0,ID.MA.AM,97128.0,16-06-21,00:49:36,2,0.999,green
377,28ce08151e086959d58c42684309c3816df552f1,130.49716,-3.099099,15.0,ID.MA.ST,97585.0,16-06-21,00:49:37,560,1.0,green
378,b155d26f7395eae899ee241bcf1b5f5df64a333d,128.18903,-3.65765,7.0,ID.MA.AM,97223.0,16-06-21,00:49:41,232,0.999,green
379,ae52f9220e7b3baca99f5a6bbf111e51cf2d2779,128.19919,-3.67088,4.0,ID.MA.AM,97128.0,16-06-21,00:49:46,2,0.999,green
380,ae64a4c7ef988419a8181eeb05331dffed63ef80,128.19422,-3.6937,11.0,ID.MA.AM,97121.0,16-06-21,00:50:06,74,0.999,green
381,ed4eb930adb4bd44ec49f517d78fb0abf81d1d0e,128.22112,-3.69212,15.0,ID.MA.AM,97128.0,16-06-21,00:50:06,162,1.0,green
382,d314dfa65ea3dde2efccfb62b9a141b7cc69e1c3,128.1776,-3.6902,34.0,,,16-06-21,00:50:10,5,1.0,green
383,d0c66d57503f28dc07a95c01adbacdd928d80e8a,128.06653,-3.71977,4.0,ID.MA.MT,97542.0,16-06-21,00:50:13,4,0.999,green
384,18e8854380559edafc966214adc8bc726e411775,128.66204,-3.57198,5.0,ID.MA.MT,97546.0,16-06-21,00:50:14,10,1.0,green
385,18e8854380559edafc966214adc8bc726e411775,128.66204,-3.57198,5.0,ID.MA.MT,97546.0,16-06-21,00:50:23,10,1.0,green
386,d0c66d57503f28dc07a95c01adbacdd928d80e8a,128.066534,-3.719768,4.0,ID.MA.MT,97542.0,16-06-21,00:50:24,4,0.999,green
387,c4b84290951f9b705673694d5b73cc7130b9d539,129.928329,-2.98197,4.0,ID.MA.MT,97544.0,16-06-21,00:50:25,459,0.999,green
388,d314dfa65ea3dde2efccfb62b9a141b7cc69e1c3,128.1776,-3.6902,34.0,,,16-06-21,00:50:25,5,1.0,green
389,282a7066f5457ca3ab852a1c0f180d00cbef195b,128.722982,-3.603603,11.0,ID.MA.MT,97546.0,16-06-21,00:50:30,15,0.999,green
390,16a7ac36db127a9a537b37bd9d2604efe3bdbd8a,128.03071,-3.59296,8.0,ID.MA.MT,97543.0,16-06-21,00:50:35,3,1.0,green
391,16a7ac36db127a9a537b37bd9d2604efe3bdbd8a,128.03071,-3.592956,2.0,ID.MA.MT,97543.0,16-06-21,00:50:38,3,0.999,green
392,16a7ac36db127a9a537b37bd9d2604efe3bdbd8a,128.03071,-3.59296,8.0,ID.MA.MT,97543.0,16-06-21,00:50:40,3,0.999,green
393,42e2952a0280336eaed618f9ad4171cbb8d5ad81,128.186448,-3.687448,4.0,ID.MA.AM,97123.0,16-06-21,00:50:42,3252,0.999,green
394,ae64a4c7ef988419a8181eeb05331dffed63ef80,128.19422,-3.6937,11.0,ID.MA.AM,97121.0,16-06-21,00:50:56,74,1.0,green
395,ed4eb930adb4bd44ec49f517d78fb0abf81d1d0e,128.22112,-3.69212,14.0,ID.MA.AM,97128.0,16-06-21,00:51:05,162,0.999,green
396,2853decab5448d54c62d1f74fd4af88ba1d58a5a,128.17159,-3.70593,10.0,ID.MA.AM,97115.0,16-06-21,00:51:06,1003,1.0,green
397,e99d200d7c9f462087b8c928456ad4f7e87c7f56,130.465673,-3.079791,6.0,ID.MA.ST,97585.0,16-06-21,00:51:16,30,0.999,green
398,992055d56c0b64e9675c1e1928d4dfac62652409,128.1776,-3.6902,46.0,,,16-06-21,00:51:35,1,1.0,green
399,a4028f43a326eec9776d5ec4331b98a0068c9d18,128.176168,-3.693693,6.0,ID.MA.AM,,16-06-21,00:51:38,122,0.999,green
400,a4028f43a326eec9776d5ec4331b98a0068c9d18,128.176168,-3.693693,6.0,ID.MA.AM,,16-06-21,00:51:39,122,1.0,green
401,2853decab5448d54c62d1f74fd4af88ba1d58a5a,128.17159,-3.70594,10.0,ID.MA.AM,97115.0,16-06-21,00:51:56,1003,0.999,green
402,7b7141a0d8be73cfc5f4b89645ed053a845260d1,128.206316,-3.679142,9.0,ID.MA.AM,97128.0,16-06-21,00:52:04,51,1.0,green
403,7b7141a0d8be73cfc5f4b89645ed053a845260d1,128.20631,-3.67915,28.0,ID.MA.AM,97128.0,16-06-21,00:52:06,51,0.999,green
404,7b7141a0d8be73cfc5f4b89645ed053a845260d1,128.206316,-3.679142,8.0,ID.MA.AM,97128.0,16-06-21,00:52:07,51,1.0,green
405,6bdc09d2bd1b7c719fab13f10b1bbda23de8ebb6,128.341319,-3.585585,13.0,,,16-06-21,00:52:51,71,0.999,green
406,1e7229103094c7d04ec5d47e51a95266bfba79dc,128.967932,-3.279279,5.0,,,16-06-21,00:53:23,1,1.0,green
407,282a7066f5457ca3ab852a1c0f180d00cbef195b,128.722982,-3.603603,4.0,ID.MA.MT,97546.0,16-06-21,00:53:31,15,1.0,green
408,c4b84290951f9b705673694d5b73cc7130b9d539,129.928329,-2.98197,6.0,ID.MA.MT,97544.0,16-06-21,00:53:33,459,0.999,green
409,c78c434747084f96d6476584c2a00dc2788985d2,128.178776,-3.711711,10.0,ID.MA.AM,97116.0,16-06-21,00:53:40,93,1.0,green
410,9356e40166814fecd289245ab1949f4f1ecca30f,128.97375,-3.27137,19.0,ID.MA.MT,97544.0,16-06-21,00:53:43,1,0.999,green
411,c4b84290951f9b705673694d5b73cc7130b9d539,129.92832,-2.98197,6.0,ID.MA.MT,97544.0,16-06-21,00:53:44,459,1.0,green
412,7b7141a0d8be73cfc5f4b89645ed053a845260d1,128.20631,-3.679142,9.0,ID.MA.AM,97128.0,16-06-21,00:54:07,51,1.0,green
413,487ca051cf08c1d73571863dfd5707f9996a896d,128.324274,-3.582248,10.0,ID.MA.MT,97544.0,16-06-21,00:54:09,6,0.999,green
414,97a5263e8cdde6dbed7efd3c205718233b950aa9,128.223598,-3.656636,6.0,ID.MA.AM,97212.0,16-06-21,00:54:14,82,1.0,green
415,cc799df4319f433800894d6b5cd7d57137451a7a,128.790056,-3.693693,6.0,ID.MA.MT,,16-06-21,00:54:17,334,0.999,green
416,97a5263e8cdde6dbed7efd3c205718233b950aa9,128.2236,-3.65665,6.0,ID.MA.AM,97212.0,16-06-21,00:54:23,82,1.0,green
417,4f180e407767b5c53f9294b0ed4facd41d2d190a,128.20273,-3.69329,8.0,ID.MA.AM,97129.0,16-06-21,00:54:52,1,0.999,green
418,c4b84290951f9b705673694d5b73cc7130b9d539,129.928329,-2.98197,11.0,ID.MA.MT,97544.0,16-06-21,00:54:52,459,1.0,green
419,0d62f4bb7552044b83de7f3711b202ee04d9884f,128.19422,-3.6937,6.0,ID.MA.AM,97121.0,16-06-21,00:54:58,348,0.999,green
420,141eafac4fd0996b3b1519f07585f1cf1cd1043f,128.193442,-3.675221,18.0,ID.MA.AM,97129.0,16-06-21,00:55:33,1,0.999,green
421,c4b84290951f9b705673694d5b73cc7130b9d539,129.928329,-2.98197,11.0,ID.MA.MT,97544.0,16-06-21,00:55:39,459,1.0,green
422,b155d26f7395eae899ee241bcf1b5f5df64a333d,128.189044,-3.657657,9.0,ID.MA.AM,97223.0,16-06-21,00:55:41,232,1.0,green
423,ae64a4c7ef988419a8181eeb05331dffed63ef80,128.194223,-3.693693,24.0,ID.MA.AM,97121.0,16-06-21,00:55:55,74,1.0,green
424,c4b84290951f9b705673694d5b73cc7130b9d539,129.92831,-2.98198,9.0,ID.MA.MT,97544.0,16-06-21,00:56:03,459,0.999,green
425,282a7066f5457ca3ab852a1c0f180d00cbef195b,128.722982,-3.603603,7.0,ID.MA.MT,97546.0,16-06-21,00:56:32,15,0.999,green
426,e6049f50a15f39466073fd4cba2c821b3a13012b,128.411748,-3.441441,10.0,,,16-06-21,00:56:36,315,1.0,green
427,c4b84290951f9b705673694d5b73cc7130b9d539,129.928329,-2.98197,9.0,ID.MA.MT,97544.0,16-06-21,00:56:54,459,1.0,green
428,7b7141a0d8be73cfc5f4b89645ed053a845260d1,128.20632,-3.67917,5.0,ID.MA.AM,97128.0,16-06-21,00:57:00,51,0.999,green
429,cc799df4319f433800894d6b5cd7d57137451a7a,128.790056,-3.693693,17.0,ID.MA.MT,,16-06-21,00:57:09,334,0.999,green
430,7b7141a0d8be73cfc5f4b89645ed053a845260d1,128.206318,-3.679152,12.0,ID.MA.AM,97128.0,16-06-21,00:57:36,51,0.999,green
431,e03abce86afd851437b9860165062725bcb9cb0a,130.498069,-3.104974,13.0,ID.MA.ST,97585.0,16-06-21,00:57:36,7,1.0,green
432,7b7141a0d8be73cfc5f4b89645ed053a845260d1,128.206318,-3.679152,8.0,ID.MA.AM,97128.0,16-06-21,00:57:38,51,0.999,green
433,7b7141a0d8be73cfc5f4b89645ed053a845260d1,128.206318,-3.679152,11.0,ID.MA.AM,97128.0,16-06-21,00:57:54,51,1.0,green
434,7b7141a0d8be73cfc5f4b89645ed053a845260d1,128.20631,-3.67916,5.0,ID.MA.AM,97128.0,16-06-21,00:57:55,51,0.999,green
435,42e2952a0280336eaed618f9ad4171cbb8d5ad81,128.18644,-3.6876,9.0,ID.MA.AM,97123.0,16-06-21,00:58:00,3252,0.999,green
436,ae64a4c7ef988419a8181eeb05331dffed63ef80,128.19424,-3.6937,6.0,ID.MA.AM,97121.0,16-06-21,00:58:01,74,1.0,green
437,c4b84290951f9b705673694d5b73cc7130b9d539,129.927713,-2.982105,29.0,ID.MA.MT,97544.0,16-06-21,00:58:34,459,0.999,green
438,c9b27f1157a3939a2a848ff848c1c929d10b02a2,128.230758,-3.652148,13.0,ID.MA.AM,97212.0,16-06-21,00:58:51,1068,0.999,green
439,ae64a4c7ef988419a8181eeb05331dffed63ef80,128.19422,-3.6937,6.0,ID.MA.AM,97121.0,16-06-21,00:58:52,74,0.999,green
440,48fd6d2099d2b4d4cc2be9c580dc90e7b82962fc,128.191627,-3.675675,21.0,ID.MA.AM,97129.0,16-06-21,00:59:51,215,0.999,green
